$ANSIBLE_VAULT;1.1;AES256
66643765643833333761363262323932356330366265363766306133323336343764306435323237
3930626132666339643961356538363530613761363262330a666138306162653066306433646638
61383836366437613932376437333134643632386439656135343964653863646430666566323739
6437346631663338390a333236623333646435333239336633306162663235663037383366633961
39356232336664616637346535613139666261313333303864633731626666363138336535363731
66316137396234383633353732343862393462653338316363376637663563316532633934613466
34613434366164373530313039383136356233366361393330656533646434386365373736306463
32663635343463663935373435323065633764646662343637353663353363383335646138356665
39343639396266613833656564373661303830393263626465653638613765306232336338356433
63303562633861623534353863303336306561366464363930643639396464343966623730623332
39336462393634303530343332313535616164326433373235343035373561626330393136386439
62316132643535326339366234336235373861626335646561653137323062623934306566386238
37376434343333313666623438626435636536666165393165373238643436353562626339393163
63613566333363396537313737336362653064393633306431393366643231313936376430343131
34633031633563633662353031393963336538363265306664333261633038656539616263396535
35363430333838336462623065306337383930636537313133613663333433363563643034306637
37646539643861663164376430643566663334303863636431653263363236316265383062363234
33326438626661343265646664353134633031613036383230656264303633353165323830653738
39353361643434323631343961316164373064396637663261303130313538323031356265316165
31333532373966663563383666363932623565636665643835353533353038616362643861323930
63356433363164356237376565623235373834626161633366646536393135316130356438633730
38363966303437373230643839656435383265326235396433616564353165356664656233316564
38323764376137633261663030393864666432306438623834383934313139333134323939616461
62393531376663306131343964323136303561306430633738393936653535323563333334393437
63646438623432663233323538616261356231346562313936313932313133613432343664323534
62333763303233623037343063336139316633313964616437363661643231333263396166666463
66326664616366643565623864346663613931636236623766393938626434366263653961393530
34663032356333343764616333313734613662643030336164666138393234376661326265393430
32386165643533363632336137303566646664623763383430656138363636613333633234623731
30636238653336326539333961333031313365383561353432343833393632623237353430613964
39346265313439666263356365623033373635313633366231643932323166376234623339613734
63643739303764663037316637636137333632326565326366663663346539663237386332626331
66363766353663636435636433643464366435346463323662383965333339353339643665646330
65343233366230343166353633366134663462663535326635656262376662663864626335633037
31306137366431343662623238656439353661643866616633323537363536383032376535633032
36656239326130323437333261353836326130366339646335336334623938363038376432623065
61356466376131323863616635376262633462613966306334366134623238393036373164616137
65633337303434386430633135323363383737633665313534666139323738643935663539396536
34303631353963613032633539356537373432393530633030333066623532626133666435636238
35313132303136386338636266386365663639346337373133376639313330326332633866343130
3833
