$ANSIBLE_VAULT;1.1;AES256
66323564623835323832613832316230663034323366646132393839336532643463653634663464
3663393830326336653764393032303837386439313834300a623162373933393330353462353365
32386662363338363237613036323361363434333638613166643530663634636531383237336661
3539393035626638320a323935313639343766363461613934666430393537333337356634626564
65323732623262633439366434366138376435313934303666643532666438653962363334353733
65626133303431323239316536336531306437663533373636393563396630373461623061386335
32363830633030363031323062313961613130633765636363373363613431383238663238356631
35633232303038613639393639343266383939393534393365363265616631366339633034356163
31636134643034313261313438303265653263383163616130666635396633336631613234613139
33363836356565656466313131643534366361343734303134313933626666643231633963646166
36373066613033393937383239666135386531313630656265373332323265366231383936393730
62646662623863306662373263313962386662376664363530333566323733316561323037653964
64333864653130356461346434316364373061343463643366366664393564653833393634306536
39353434646661376565306366353031643730356138343734653965653032353764343834316533
31383564366532653535633930636532323736653938353935336136393063303734333039656333
64396664663737613634363230326665333637383335383339343363306663323633646165303563
34363736613366626563356666346263316133366231316235636264653731333461653135613331
36396264303030343833646230353038663565313563313738656635313233306539653233343264
39616366383233613437363131616435333037613665373139633033316432316565383934646664
37373539356634353335343164323936323965666565306661656439313763336265313532626436
34626264353933386135376138613163353333653862643461336532393639316636323932386362
39313639323532336136356266643639366266303839313537303439323833656532626162333963
33356538623565316433363936313834613832653536626461646139353838363363313239386564
63613839663036303262386462663335313562396432656532663433333539353731333836643536
66396562343735343264363339646237663134356663326338323066356562316265
